=== MAP ===
-- ZONE 1 --
 0  0  0  0  0  0  0  0  3  0  0  0  0  0  0  0  0  0  0  3
 0 -1 -1 -1 -1 -1  0  0 -1 -1 -1 -1 -1  0  0  0  0  0  0  0
 4 -1  0  0  0 -1  0  0 -1  0  0  0 -1  0  0  0  0  5  0  0
 0 -1  0  2  0 -1  3  0 -1  0 20  0 -1  0  0  0  0  0  0  0
 0 -1  0  0  0 -1  0  0 -1  0  0  0 -1  0  5  0  3  0  0  0
 0 -1 -1  0 -1 -1  0  0 -1 -1  0 -1 -1  0  0  3  0  0  0  0
 0  0  0  0  0  0  0  0  0  0  0  0  0  0  0  0  0  0  4  0
 0  0  0  0  0  0  0  0  0  0  0  0  0  0  0  0  0  3  0  0
 0 -1 -1 -1 -1 -1  0  4 -1 -1 -1 -1 -1  0  0  0  4  0  0  0
 0 -1  0  0  0 -1  0  0 -1  0  0  4 -1  0  0  0  4  0  0  0
 0 -1  0 23  0 -1  0  0 -1  0 20  0 -1  0  0  0  0  0  0  4
 0 -1  3  0  0 -1  0  0 -1  0  0  0 -1  0  0  4  0  0  0  3
 0 -1 -1  0 -1 -1  0  0 -1 -1  0 -1 -1  5  0  0  0  0  0  4
 0  0  5  0  0  0  0  0  4  0  0  0  0  0  0  0  0  4  0  0
 3  0  0  0  0  0  0  4  0  4  0  0  0  0  0  5  0  5  0  0
 0  0  0  0  0  0  0  5  0  0  0  4  0  3  0  0  0  0  5  0
 0  0  0  0  0  0  0  0  4  0  0  0  0  0  0  0  0  0  0  0
 0  0  0  4  0  0  0  0  0  4  0  0  0  0  0  0  0  0  0  0
 0  0  0  0  0  0  0  0  0  0  0  0  0  0  0  0  0  0  0  0
 0  0  0  0  0  5  0  4  4 -2  0  0  0  0  0  0  0  0  0  0
-- ZONE 2 --
 0  6  0  0  6  6  0  0  0  6  6  0  0  0 -2  0  6  0  0  0
 0  0  0  7  0  6  0  0  0  0 -1  7  0  0  0  6  0  0  0  0
-1 -1 -1  0  0  0  0  0  0 -1 -1 -1  0  0  0  0  0  0  0  0
-1 -1 -1  0  6  0  7  0 -1 -1 -1 -1 -1  0  0  0  0  6  0  0
-1 -1 -1  0  0  0  6  0  0 -1 -1 -1  2  0  6  0  7  0  0  0
 0  0 29  0  0  0 35  0  0  6 -1  0  0  0  0  0  6  8  0  0
 0  0 27  0  0  7  0  6  0  8  7  0  0  0  0  6  0  6  0  0
 0  6  0  0  7 34  0 27  0  0  6  0  0  0  0  0  0  0  0  0
 0 33 -1 -1 -1 25  6  0  0  0 35  0  0  0  0  0  7  6  0  0
 0  6 -1 -1 -1  0  8 26  0  0  0  6  0  0  6  0  0  0  0  0
 0  0 -1 -1 -1  0  6  0 -1 -1 -1  0  6  6  0  0  0  6  0  0
 0  0  7  0  0  0  0  0 -1 -1 -1  0  0  6  0  0  0  0  0  0
 6  0  0  0  0  7  0  0 -1 -1 -1  0  0  0  0  0  8  0  0  8
 0  0  0  0  8  0  0  8  0  0  8  0  0  0  0  8  0  0  0  0
 0  0  0  0  0  0  0  0  0  0  0  0  0  6  6  0  0  0  0  0
 0  0  0  6  0  0  0  0  0  0  0  0  6  0  0  0  0  0  0  0
 6  0  0  0  6  0  6  0  0  0  6  0  0  0  0  0  0  0  0  0
 0  0  0  0  0  7  0  0  0  8  0  0  0  0  0  0  6  6  0  7
 0  0  0  0  0  0  0  0  0  0  0  6  0  0  6  0  0  0  0  0
 6  0  6  0  0 -3  7  0  0  0  6  6  8  0  0  8  0  7  0  0
-- ZONE 3 --
 0  0  0  0  0 -3  0  0  0  0 11  0  0  0  0  0  0  0  0  0
 0 -1 -1 -1 -1 -1  0  0 -1 -1 -1 -1 -1 10  0  0  0 10  0  9
 0 -1  0 11  0 -1  0  0 -1 46  0  0 -1  9  0  0  0  0  0  0
 0 -1  0  2 11 -1  0  0 -1  0 11  9 -1  0  0  0  0  0  0  0
 0 -1  0  0 11 -1  0  0 -1  0  0 43 -1  0  0  0  9  0 10  0
 9 -1 -1  0 -1 -1  0  0 -1 -1  0 -1 -1  0  0  0 10  0  0  0
 0 10  0  0  0  0  0  0  0  0  0  0  0  0  0  0  0  0  0  9
 0  0  0  0  0  0 10  0  0  0  0  0  0  0  9  0  0  0  0  0
11 -1 -1 -1 -1 -1  0  0 -1 -1 -1 -1 -1  0  0  0  0  0  0  0
 0 -1  0  0  0 -1  0  9 -1  0  0  0 -1  0  0 11 10  0  0  0
 0 -1  0 37  0 -1  0  0 -1  0 45  0 -1  0  0  0  0  0  0  0
 0 -1  0  0 11 -1  0  0 -1  0  0  0 -1  0  0  0  0  0  0  0
10 -1 -1 11 -1 -1  0  0 -1 -1  0 -1 -1  0  0  0  0  0  0  0
 0  0  0  0  0  0  0  0  0  0  0  0  0 10  9  0  0  0  0  0
 0  0  0  0  0  0  9  9  0  0  0  0  0  0  0  0  0  0  0  0
 0  0 11  0  0 11  0  0  0  0  0  0 99  0  0  0  0  0  0  0
 0  0  0  0  0  0  0  0  0  0  0 10 10  0  0 11  0 10  0  0
 0  0  0  0  0  0  0  0  0  0  0  0  0  0  0  0  0 10  0  0
 0  0  0  0  0  0 11  0  0 11  0  0  0  0  0  0  0  0  0 10
 9  0  0  0 11  9  0  0  0  0  0 11  0  0  9  0  0  0  0  0
=== PLAYER ===
{1}
{0}/{100}
{100}/{100}
-- INVENTORY --
{1}@{2}@{7}
{1}@{3}@{5}
{1}@{4}@{10}
{6}@{6}@{0}
{12}@{7}@{0}
{0}@{0}@{0}
{0}@{0}@{0}
{0}@{0}@{0}
{0}@{0}@{0}
{0}@{0}@{0}
{0}@{0}@{0}
{0}@{0}@{0}
{0}@{0}@{0}
{0}@{0}@{0}
{0}@{0}@{0}
{0}@{0}@{0}
{0}@{0}@{0}
{0}@{0}@{0}
{0}@{0}@{0}
{0}@{0}@{0}
-- STORAGE --
{1}@{1}
